<?xml version="1.0"?>
<opencv_storage>
<Camera>
  <ID>0</ID>
  <Matix type_id="opencv-matrix">
    <rows>3</rows>
    <cols>3</cols>
    <dt>d</dt>
    <data>
      5.5281992160319737e+02 0. 3.1385282912511798e+02 0.
      5.5231998899258622e+02 2.2916916269822332e+02 0. 0. 1.</data></Matix>
  <Distortion type_id="opencv-matrix">
    <rows>1</rows>
    <cols>5</cols>
    <dt>d</dt>
    <data>
      3.1397917836515321e-01 -1.7383314843746775e+00
      -4.4789132869608173e-03 8.9285795190748073e-04
      3.4248488370274668e+00</data></Distortion>
  <Threshold>
    <High>
      58 255 255 0</High>
    <Low>
      23 94 126 0</Low></Threshold></Camera>
</opencv_storage>